{
 "cells": [
  {
   "cell_type": "code",
   "execution_count": 1,
   "metadata": {},
   "outputs": [],
   "source": [
    "import numpy as np\n",
    "def BB(w0,wt,t,m):\n",
    "    h = 2**m\n",
    "    T = np.linspace(0,t, h+1)\n",
    "    W = np.zeros(h+1)\n",
    "    z = np.random.randn(h+1)\n",
    "    W[0] = w0\n",
    "    W[h] = wt\n",
    "    j_max = 1\n",
    "    \n",
    "    for k in range(1, m+1):\n",
    "        i_min = h//2\n",
    "        i = i_min\n",
    "        l = 0\n",
    "        r = h\n",
    "        for j in range(1, j_max+1):\n",
    "            a = ((T[r]-T[i])*W[l] + (T[i]-T[l])*W[r]) / (T[r]-T[l])\n",
    "            b = np.sqrt( (T[i]-T[l])*(T[r]-T[i])/(T[r]-T[l]) )\n",
    "            W[i] = a + b*z[i]\n",
    "            i+=h; l+=h; r+=h\n",
    "        j_max*=2\n",
    "        h = i_min\n",
    "    \n",
    "    return W"
   ]
  },
  {
   "cell_type": "code",
   "execution_count": 2,
   "metadata": {},
   "outputs": [],
   "source": [
    "import numpy as np\n",
    "def control_variable(r,q1,q2,sigma1,sigma2,rho,M,m):\n",
    "\n",
    "    S1_start = 100\n",
    "    S2_start = 100\n",
    "    principal = 100    \n",
    "    \n",
    "    T = 2\n",
    "    check_term = 0.5\n",
    "    check_max = int(T / check_term)\n",
    "    \n",
    "    case=6\n",
    "    S1 = np.zeros(check_max+1)\n",
    "    S2 = np.zeros(check_max+1)\n",
    "    Put1 = np.zeros(check_max)\n",
    "    Put2 = np.zeros(check_max)\n",
    "    digital = np.zeros(check_max)\n",
    "    X = np.zeros([M, check_max*5])\n",
    "    Y = np.zeros(M)\n",
    "    prob = np.zeros(case)\n",
    "    \n",
    "    for i in range(M):\n",
    "        \n",
    "        S1[0] = S1_start\n",
    "        S2[0] = S2_start\n",
    "        \n",
    "        x1 = np.random.randn(check_max)\n",
    "        x2 = np.random.randn(check_max)\n",
    "        W1 = np.zeros(check_max+1)\n",
    "        W2 = np.zeros(check_max+1)\n",
    "\n",
    "        check_barrier = False\n",
    "        \n",
    "        for j in range(1, check_max+1):\n",
    "\n",
    "            # Random walk\n",
    "            W1[j] = W1[j-1] + np.sqrt(check_term) * x1[j-1]\n",
    "            W2[j] = W2[j-1] + np.sqrt(check_term) * x2[j-1]\n",
    "            \n",
    "            e1 =  W1[j] - W1[j-1]\n",
    "            e2 = rho*e1 + (W2[j] - W2[j-1])*np.sqrt(1-rho**2)\n",
    "    \n",
    "            # Get S1, S2 price at early redemption time\n",
    "            S1[j] = S1[j-1]*np.exp( (r - q1 - (sigma1**2)/2)*check_term + sigma1*e1)\n",
    "            S2[j] = S2[j-1]*np.exp( (r - q2 - (sigma2**2)/2)*check_term + sigma2*e2)\n",
    "            \n",
    "            # Get Put1, Put2 price at early redemption time\n",
    "            Put1[j-1] = max(S1_start * (0.85 -0.05*(j-1)) - S1[j] ,0) * np.exp(-r * j * check_term)\n",
    "            Put2[j-1] = max(S2_start * (0.85 -0.05*(j-1)) - S2[j] ,0) * np.exp(-r * j * check_term)\n",
    "            \n",
    "            # Get digital option price at early redemption time\n",
    "            if (S1[j] >= S1_start * (0.85 - ((j-1) * 0.05))) and (S2[j] >= S2_start * (0.85 - ((j-1) * 0.05))):\n",
    "                digital[j-1] = 1 * np.exp(-r * j * check_term)\n",
    "            else:\n",
    "                digital[j-1] = 0\n",
    "            \n",
    "            X[i][j-1] = S1[j]\n",
    "            X[i][j+3] = S2[j]\n",
    "            X[i][j+7] = Put1[j-1]\n",
    "            X[i][j+11] = Put2[j-1]\n",
    "            X[i][j+15] = digital[j-1]\n",
    "            \n",
    "            \n",
    "        for j in range(1, check_max+1):\n",
    "            \n",
    "            # Check Barrier\n",
    "            if (S1[j] < S1_start * 0.6) or (S2[j] < S2_start * 0.6):\n",
    "                check_barrier = True\n",
    "            \n",
    "            # Check early repayment\n",
    "            if (S1[j] >= S1_start * (0.85 - ((j-1) * 0.05))) and (S2[j] >= S2_start * (0.85 - ((j-1) * 0.05))):\n",
    "                Y[i] = principal * (1+0.0625*j) * np.exp(-r * j * check_term)\n",
    "                prob[j-1]+=1\n",
    "                break\n",
    "            \n",
    "            # Check Maturity repayment\n",
    "            if j == check_max:\n",
    "                if (check_barrier == True) and ( (S1[j] < S1_start * 0.7) or (S2[j] < S2_start * 0.7) ):\n",
    "                    Y[i] = principal * min(S1[j]/S1_start, S2[j]/S2_start) * np.exp(-r * j * check_term)\n",
    "                    prob[j+1]+=1\n",
    "                    break\n",
    "                    \n",
    "                else:\n",
    "                    S1_BB = np.zeros(2**m+1)\n",
    "                    S2_BB = np.zeros(2**m+1)\n",
    "                    S1_BB[0] = S1_start\n",
    "                    S2_BB[0] = S2_start\n",
    "                    \n",
    "                    # Brownian Bridge\n",
    "                    for k in range(1, check_max+1):      \n",
    "                        W1_BB = BB(W1[k-1], W1[k], 0.5, m)\n",
    "                        W2_BB = BB(W2[k-1], W2[k], 0.5, m)\n",
    "                        \n",
    "                        for l in range(1, 2**m+1):\n",
    "                            e1 = W1_BB[l] - W1_BB[l-1]\n",
    "                            e2 = rho*e1 + (W2_BB[l] - W2_BB[l-1]) * np.sqrt(1-rho**2)\n",
    "                        \n",
    "                            S1_BB[l] = S1_BB[l-1] * np.exp( (r - q1 - sigma1**2/2)*(check_term/2**m) + sigma1 * e1 )\n",
    "                            S2_BB[l] = S2_BB[l-1] * np.exp( (r - q2 - sigma2**2/2)*(check_term/2**m) + sigma2 * e2 )\n",
    "                        \n",
    "                            if(S1_BB[l] < S1_start * 0.6) or (S2_BB[l] < S2_start * 0.6):\n",
    "                                check_barrier = True\n",
    "                                Y[i] = principal * min(S1[j]/S1_start, S2[j]/S2_start) * np.exp(-r * j * check_term)\n",
    "                                prob[j+1]+=1\n",
    "                                break\n",
    "                                \n",
    "                        if check_barrier:\n",
    "                            break          \n",
    "                        else:        \n",
    "                            S1_BB[0] = S1_BB[2**m]\n",
    "                            S2_BB[0] = S2_BB[2**m]\n",
    "                    \n",
    "                    if check_barrier == False:\n",
    "                        Y[i] = principal * np.exp(-r * j * check_term)\n",
    "                        prob[j]+=1\n",
    "                        break\n",
    "        \n",
    "    return Y,X\n",
    "\n",
    "r=0.03\n",
    "q1=0.0\n",
    "q2=0.0\n",
    "sigma1=0.3\n",
    "sigma2=0.4\n",
    "rho=0.2\n",
    "M=100000\n",
    "m=3\n",
    "Y,X=control_variable(r,q1,q2,sigma1,sigma2,rho,M,m)\n"
   ]
  },
  {
   "cell_type": "code",
   "execution_count": 3,
   "metadata": {},
   "outputs": [
    {
     "data": {
      "text/plain": [
       "array([[ 4.79383836e+02,  4.84400696e+02,  4.93105547e+02,\n",
       "         5.01268073e+02,  1.21929022e+02,  1.23291619e+02,\n",
       "         1.27610133e+02,  1.27452569e+02, -7.06199053e+01,\n",
       "        -6.78230355e+01, -5.96941634e+01, -5.06020456e+01,\n",
       "        -2.55352026e+01, -2.40761341e+01, -2.12385891e+01,\n",
       "        -1.76504109e+01,  4.96528702e+00,  3.53167739e+00,\n",
       "         2.82256485e+00,  2.34733751e+00],\n",
       "       [ 4.84400696e+02,  1.00163113e+03,  1.01992913e+03,\n",
       "         1.03738385e+03,  1.22244489e+02,  2.50767690e+02,\n",
       "         2.56367971e+02,  2.57047036e+02, -7.13338937e+01,\n",
       "        -1.24757402e+02, -1.11023818e+02, -9.47084214e+01,\n",
       "        -2.58889745e+01, -4.78952340e+01, -4.19289061e+01,\n",
       "        -3.55775138e+01,  5.01116539e+00,  6.88716057e+00,\n",
       "         5.48515745e+00,  4.61430756e+00],\n",
       "       [ 4.93105547e+02,  1.01992913e+03,  1.58559377e+03,\n",
       "         1.61114361e+03,  1.24541430e+02,  2.51934228e+02,\n",
       "         3.97436651e+02,  4.00021269e+02, -7.25104189e+01,\n",
       "        -1.26608813e+02, -1.55669200e+02, -1.34327810e+02,\n",
       "        -2.63765519e+01, -4.82525886e+01, -6.36301107e+01,\n",
       "        -5.50304730e+01,  5.07345123e+00,  6.97627884e+00,\n",
       "         8.09600823e+00,  6.84756850e+00],\n",
       "       [ 5.01268073e+02,  1.03738385e+03,  1.61114361e+03,\n",
       "         2.23392342e+03,  1.24954657e+02,  2.55833358e+02,\n",
       "         4.02780990e+02,  5.43505674e+02, -7.38132392e+01,\n",
       "        -1.28579526e+02, -1.58167765e+02, -1.69376819e+02,\n",
       "        -2.66334513e+01, -4.95226320e+01, -6.52398626e+01,\n",
       "        -7.43294900e+01,  5.14895920e+00,  7.09771077e+00,\n",
       "         8.21464773e+00,  8.93369468e+00],\n",
       "       [ 1.21929022e+02,  1.22244489e+02,  1.24541430e+02,\n",
       "         1.24954657e+02,  8.51298843e+02,  8.63480933e+02,\n",
       "         8.76423168e+02,  8.86842938e+02, -2.03351506e+01,\n",
       "        -1.83235014e+01, -1.56732336e+01, -1.32034745e+01,\n",
       "        -1.52420044e+02, -1.47089182e+02, -1.32668120e+02,\n",
       "        -1.14867171e+02,  7.93397169e+00,  5.68386604e+00,\n",
       "         4.66833989e+00,  4.00220647e+00],\n",
       "       [ 1.23291619e+02,  2.50767690e+02,  2.51934228e+02,\n",
       "         2.55833358e+02,  8.63480933e+02,  1.83199288e+03,\n",
       "         1.85236045e+03,  1.87974150e+03, -2.07080345e+01,\n",
       "        -3.80634724e+01, -3.20030192e+01, -2.67421892e+01,\n",
       "        -1.53844025e+02, -2.68673390e+02, -2.47634347e+02,\n",
       "        -2.18210833e+02,  8.04668483e+00,  1.10720868e+01,\n",
       "         9.14713086e+00,  7.88683065e+00],\n",
       "       [ 1.27610133e+02,  2.56367971e+02,  3.97436651e+02,\n",
       "         4.02780990e+02,  8.76423168e+02,  1.85236045e+03,\n",
       "         2.93683826e+03,  2.98374365e+03, -2.10767284e+01,\n",
       "        -3.81689184e+01, -4.78201213e+01, -3.95678078e+01,\n",
       "        -1.55542888e+02, -2.72689186e+02, -3.44738197e+02,\n",
       "        -3.07988979e+02,  8.13787456e+00,  1.11950755e+01,\n",
       "         1.33929812e+01,  1.15906104e+01],\n",
       "       [ 1.27452569e+02,  2.57047036e+02,  4.00021269e+02,\n",
       "         5.43505674e+02,  8.86842938e+02,  1.87974150e+03,\n",
       "         2.98374365e+03,  4.21583337e+03, -2.08614824e+01,\n",
       "        -3.85552364e+01, -4.94373381e+01, -5.41172756e+01,\n",
       "        -1.56364505e+02, -2.75140145e+02, -3.48923188e+02,\n",
       "        -3.84893932e+02,  8.18484196e+00,  1.13358743e+01,\n",
       "         1.35799989e+01,  1.50788068e+01],\n",
       "       [-7.06199053e+01, -7.13338937e+01, -7.25104189e+01,\n",
       "        -7.38132392e+01, -2.03351506e+01, -2.07080345e+01,\n",
       "        -2.10767284e+01, -2.08614824e+01,  2.86019379e+01,\n",
       "         2.08465137e+01,  1.67092259e+01,  1.34689309e+01,\n",
       "         5.26221332e+00,  4.78954743e+00,  4.18896134e+00,\n",
       "         3.40043676e+00, -1.20306641e+00, -7.53379130e-01,\n",
       "        -5.91958913e-01, -4.94477893e-01],\n",
       "       [-6.78230355e+01, -1.24757402e+02, -1.26608813e+02,\n",
       "        -1.28579526e+02, -1.83235014e+01, -3.80634724e+01,\n",
       "        -3.81689184e+01, -3.85552364e+01,  2.08465137e+01,\n",
       "         4.64326456e+01,  3.48701611e+01,  2.75512901e+01,\n",
       "         4.45227251e+00,  8.97779938e+00,  7.71155281e+00,\n",
       "         6.41773272e+00, -1.01219518e+00, -1.51586448e+00,\n",
       "        -1.14584035e+00, -9.50344382e-01],\n",
       "       [-5.96941634e+01, -1.11023818e+02, -1.55669200e+02,\n",
       "        -1.58167765e+02, -1.56732336e+01, -3.20030192e+01,\n",
       "        -4.78201213e+01, -4.94373381e+01,  1.67092259e+01,\n",
       "         3.48701611e+01,  5.19534608e+01,  3.96580740e+01,\n",
       "         3.80621188e+00,  7.37633729e+00,  9.94911391e+00,\n",
       "         8.48230013e+00, -8.38082307e-01, -1.23591661e+00,\n",
       "        -1.57369858e+00, -1.29181815e+00],\n",
       "       [-5.06020456e+01, -9.47084214e+01, -1.34327810e+02,\n",
       "        -1.69376819e+02, -1.32034745e+01, -2.67421892e+01,\n",
       "        -3.95678078e+01, -5.41172756e+01,  1.34689309e+01,\n",
       "         2.75512901e+01,  3.96580740e+01,  5.04534514e+01,\n",
       "         3.14730033e+00,  6.18385226e+00,  8.26915595e+00,\n",
       "         9.75297232e+00, -6.91570366e-01, -1.00735187e+00,\n",
       "        -1.25853523e+00, -1.52054031e+00],\n",
       "       [-2.55352026e+01, -2.58889745e+01, -2.63765519e+01,\n",
       "        -2.66334513e+01, -1.52420044e+02, -1.53844025e+02,\n",
       "        -1.55542888e+02, -1.56364505e+02,  5.26221332e+00,\n",
       "         4.45227251e+00,  3.80621188e+00,  3.14730033e+00,\n",
       "         6.60672902e+01,  4.98130750e+01,  4.10480969e+01,\n",
       "         3.37410080e+01, -2.22398841e+00, -1.42101723e+00,\n",
       "        -1.12518063e+00, -9.52757751e-01],\n",
       "       [-2.40761341e+01, -4.78952340e+01, -4.82525886e+01,\n",
       "        -4.95226320e+01, -1.47089182e+02, -2.68673390e+02,\n",
       "        -2.72689186e+02, -2.75140145e+02,  4.78954743e+00,\n",
       "         8.97779938e+00,  7.37633729e+00,  6.18385226e+00,\n",
       "         4.98130750e+01,  1.06427875e+02,  8.36753485e+01,\n",
       "         6.80226267e+01, -1.92832987e+00, -2.83467007e+00,\n",
       "        -2.19907929e+00, -1.85023376e+00],\n",
       "       [-2.12385891e+01, -4.19289061e+01, -6.36301107e+01,\n",
       "        -6.52398626e+01, -1.32668120e+02, -2.47634347e+02,\n",
       "        -3.44738197e+02, -3.48923188e+02,  4.18896134e+00,\n",
       "         7.71155281e+00,  9.94911391e+00,  8.26915595e+00,\n",
       "         4.10480969e+01,  8.36753485e+01,  1.22678738e+02,\n",
       "         9.71371907e+01, -1.65313446e+00, -2.38888124e+00,\n",
       "        -3.07200861e+00, -2.56441193e+00],\n",
       "       [-1.76504109e+01, -3.55775138e+01, -5.50304730e+01,\n",
       "        -7.43294900e+01, -1.14867171e+02, -2.18210833e+02,\n",
       "        -3.07988979e+02, -3.84893932e+02,  3.40043676e+00,\n",
       "         6.41773272e+00,  8.48230013e+00,  9.75297232e+00,\n",
       "         3.37410080e+01,  6.80226267e+01,  9.71371907e+01,\n",
       "         1.22506495e+02, -1.38451547e+00, -2.01121686e+00,\n",
       "        -2.54672699e+00, -3.09271260e+00],\n",
       "       [ 4.96528702e+00,  5.01116539e+00,  5.07345123e+00,\n",
       "         5.14895920e+00,  7.93397169e+00,  8.04668483e+00,\n",
       "         8.13787456e+00,  8.18484196e+00, -1.20306641e+00,\n",
       "        -1.01219518e+00, -8.38082307e-01, -6.91570366e-01,\n",
       "        -2.22398841e+00, -1.92832987e+00, -1.65313446e+00,\n",
       "        -1.38451547e+00,  2.40285648e-01,  1.07913615e-01,\n",
       "         8.09182243e-02,  6.66500436e-02],\n",
       "       [ 3.53167739e+00,  6.88716057e+00,  6.97627884e+00,\n",
       "         7.09771077e+00,  5.68386604e+00,  1.10720868e+01,\n",
       "         1.11950755e+01,  1.13358743e+01, -7.53379130e-01,\n",
       "        -1.51586448e+00, -1.23591661e+00, -1.00735187e+00,\n",
       "        -1.42101723e+00, -2.83467007e+00, -2.38888124e+00,\n",
       "        -2.01121686e+00,  1.07913615e-01,  2.34732824e-01,\n",
       "         1.30806537e-01,  1.03050446e-01],\n",
       "       [ 2.82256485e+00,  5.48515745e+00,  8.09600823e+00,\n",
       "         8.21464773e+00,  4.66833989e+00,  9.14713086e+00,\n",
       "         1.33929812e+01,  1.35799989e+01, -5.91958913e-01,\n",
       "        -1.14584035e+00, -1.57369858e+00, -1.25853523e+00,\n",
       "        -1.12518063e+00, -2.19907929e+00, -3.07200861e+00,\n",
       "        -2.54672699e+00,  8.09182243e-02,  1.30806537e-01,\n",
       "         2.27553296e-01,  1.40832687e-01],\n",
       "       [ 2.34733751e+00,  4.61430756e+00,  6.84756850e+00,\n",
       "         8.93369468e+00,  4.00220647e+00,  7.88683065e+00,\n",
       "         1.15906104e+01,  1.50788068e+01, -4.94477893e-01,\n",
       "        -9.50344382e-01, -1.29181815e+00, -1.52054031e+00,\n",
       "        -9.52757751e-01, -1.85023376e+00, -2.56441193e+00,\n",
       "        -3.09271260e+00,  6.66500436e-02,  1.03050446e-01,\n",
       "         1.40832687e-01,  2.19742971e-01]])"
      ]
     },
     "execution_count": 3,
     "metadata": {},
     "output_type": "execute_result"
    }
   ],
   "source": [
    "np.cov(X,rowvar=False)"
   ]
  },
  {
   "cell_type": "code",
   "execution_count": 4,
   "metadata": {},
   "outputs": [
    {
     "data": {
      "text/html": [
       "<div>\n",
       "<style scoped>\n",
       "    .dataframe tbody tr th:only-of-type {\n",
       "        vertical-align: middle;\n",
       "    }\n",
       "\n",
       "    .dataframe tbody tr th {\n",
       "        vertical-align: top;\n",
       "    }\n",
       "\n",
       "    .dataframe thead th {\n",
       "        text-align: right;\n",
       "    }\n",
       "</style>\n",
       "<table border=\"1\" class=\"dataframe\">\n",
       "  <thead>\n",
       "    <tr style=\"text-align: right;\">\n",
       "      <th></th>\n",
       "      <th>0</th>\n",
       "      <th>1</th>\n",
       "      <th>2</th>\n",
       "      <th>3</th>\n",
       "      <th>4</th>\n",
       "      <th>5</th>\n",
       "      <th>6</th>\n",
       "      <th>7</th>\n",
       "      <th>8</th>\n",
       "      <th>9</th>\n",
       "      <th>10</th>\n",
       "      <th>11</th>\n",
       "      <th>12</th>\n",
       "      <th>13</th>\n",
       "      <th>14</th>\n",
       "      <th>15</th>\n",
       "      <th>16</th>\n",
       "      <th>17</th>\n",
       "      <th>18</th>\n",
       "      <th>19</th>\n",
       "    </tr>\n",
       "  </thead>\n",
       "  <tbody>\n",
       "    <tr>\n",
       "      <th>0</th>\n",
       "      <td>479.383836</td>\n",
       "      <td>484.400696</td>\n",
       "      <td>493.105547</td>\n",
       "      <td>501.268073</td>\n",
       "      <td>121.929022</td>\n",
       "      <td>123.291619</td>\n",
       "      <td>127.610133</td>\n",
       "      <td>127.452569</td>\n",
       "      <td>-70.619905</td>\n",
       "      <td>-67.823036</td>\n",
       "      <td>-59.694163</td>\n",
       "      <td>-50.602046</td>\n",
       "      <td>-25.535203</td>\n",
       "      <td>-24.076134</td>\n",
       "      <td>-21.238589</td>\n",
       "      <td>-17.650411</td>\n",
       "      <td>4.965287</td>\n",
       "      <td>3.531677</td>\n",
       "      <td>2.822565</td>\n",
       "      <td>2.347338</td>\n",
       "    </tr>\n",
       "    <tr>\n",
       "      <th>1</th>\n",
       "      <td>484.400696</td>\n",
       "      <td>1001.631133</td>\n",
       "      <td>1019.929127</td>\n",
       "      <td>1037.383848</td>\n",
       "      <td>122.244489</td>\n",
       "      <td>250.767690</td>\n",
       "      <td>256.367971</td>\n",
       "      <td>257.047036</td>\n",
       "      <td>-71.333894</td>\n",
       "      <td>-124.757402</td>\n",
       "      <td>-111.023818</td>\n",
       "      <td>-94.708421</td>\n",
       "      <td>-25.888975</td>\n",
       "      <td>-47.895234</td>\n",
       "      <td>-41.928906</td>\n",
       "      <td>-35.577514</td>\n",
       "      <td>5.011165</td>\n",
       "      <td>6.887161</td>\n",
       "      <td>5.485157</td>\n",
       "      <td>4.614308</td>\n",
       "    </tr>\n",
       "    <tr>\n",
       "      <th>2</th>\n",
       "      <td>493.105547</td>\n",
       "      <td>1019.929127</td>\n",
       "      <td>1585.593768</td>\n",
       "      <td>1611.143610</td>\n",
       "      <td>124.541430</td>\n",
       "      <td>251.934228</td>\n",
       "      <td>397.436651</td>\n",
       "      <td>400.021269</td>\n",
       "      <td>-72.510419</td>\n",
       "      <td>-126.608813</td>\n",
       "      <td>-155.669200</td>\n",
       "      <td>-134.327810</td>\n",
       "      <td>-26.376552</td>\n",
       "      <td>-48.252589</td>\n",
       "      <td>-63.630111</td>\n",
       "      <td>-55.030473</td>\n",
       "      <td>5.073451</td>\n",
       "      <td>6.976279</td>\n",
       "      <td>8.096008</td>\n",
       "      <td>6.847568</td>\n",
       "    </tr>\n",
       "    <tr>\n",
       "      <th>3</th>\n",
       "      <td>501.268073</td>\n",
       "      <td>1037.383848</td>\n",
       "      <td>1611.143610</td>\n",
       "      <td>2233.923416</td>\n",
       "      <td>124.954657</td>\n",
       "      <td>255.833358</td>\n",
       "      <td>402.780990</td>\n",
       "      <td>543.505674</td>\n",
       "      <td>-73.813239</td>\n",
       "      <td>-128.579526</td>\n",
       "      <td>-158.167765</td>\n",
       "      <td>-169.376819</td>\n",
       "      <td>-26.633451</td>\n",
       "      <td>-49.522632</td>\n",
       "      <td>-65.239863</td>\n",
       "      <td>-74.329490</td>\n",
       "      <td>5.148959</td>\n",
       "      <td>7.097711</td>\n",
       "      <td>8.214648</td>\n",
       "      <td>8.933695</td>\n",
       "    </tr>\n",
       "    <tr>\n",
       "      <th>4</th>\n",
       "      <td>121.929022</td>\n",
       "      <td>122.244489</td>\n",
       "      <td>124.541430</td>\n",
       "      <td>124.954657</td>\n",
       "      <td>851.298843</td>\n",
       "      <td>863.480933</td>\n",
       "      <td>876.423168</td>\n",
       "      <td>886.842938</td>\n",
       "      <td>-20.335151</td>\n",
       "      <td>-18.323501</td>\n",
       "      <td>-15.673234</td>\n",
       "      <td>-13.203474</td>\n",
       "      <td>-152.420044</td>\n",
       "      <td>-147.089182</td>\n",
       "      <td>-132.668120</td>\n",
       "      <td>-114.867171</td>\n",
       "      <td>7.933972</td>\n",
       "      <td>5.683866</td>\n",
       "      <td>4.668340</td>\n",
       "      <td>4.002206</td>\n",
       "    </tr>\n",
       "    <tr>\n",
       "      <th>5</th>\n",
       "      <td>123.291619</td>\n",
       "      <td>250.767690</td>\n",
       "      <td>251.934228</td>\n",
       "      <td>255.833358</td>\n",
       "      <td>863.480933</td>\n",
       "      <td>1831.992876</td>\n",
       "      <td>1852.360446</td>\n",
       "      <td>1879.741503</td>\n",
       "      <td>-20.708035</td>\n",
       "      <td>-38.063472</td>\n",
       "      <td>-32.003019</td>\n",
       "      <td>-26.742189</td>\n",
       "      <td>-153.844025</td>\n",
       "      <td>-268.673390</td>\n",
       "      <td>-247.634347</td>\n",
       "      <td>-218.210833</td>\n",
       "      <td>8.046685</td>\n",
       "      <td>11.072087</td>\n",
       "      <td>9.147131</td>\n",
       "      <td>7.886831</td>\n",
       "    </tr>\n",
       "    <tr>\n",
       "      <th>6</th>\n",
       "      <td>127.610133</td>\n",
       "      <td>256.367971</td>\n",
       "      <td>397.436651</td>\n",
       "      <td>402.780990</td>\n",
       "      <td>876.423168</td>\n",
       "      <td>1852.360446</td>\n",
       "      <td>2936.838261</td>\n",
       "      <td>2983.743651</td>\n",
       "      <td>-21.076728</td>\n",
       "      <td>-38.168918</td>\n",
       "      <td>-47.820121</td>\n",
       "      <td>-39.567808</td>\n",
       "      <td>-155.542888</td>\n",
       "      <td>-272.689186</td>\n",
       "      <td>-344.738197</td>\n",
       "      <td>-307.988979</td>\n",
       "      <td>8.137875</td>\n",
       "      <td>11.195076</td>\n",
       "      <td>13.392981</td>\n",
       "      <td>11.590610</td>\n",
       "    </tr>\n",
       "    <tr>\n",
       "      <th>7</th>\n",
       "      <td>127.452569</td>\n",
       "      <td>257.047036</td>\n",
       "      <td>400.021269</td>\n",
       "      <td>543.505674</td>\n",
       "      <td>886.842938</td>\n",
       "      <td>1879.741503</td>\n",
       "      <td>2983.743651</td>\n",
       "      <td>4215.833373</td>\n",
       "      <td>-20.861482</td>\n",
       "      <td>-38.555236</td>\n",
       "      <td>-49.437338</td>\n",
       "      <td>-54.117276</td>\n",
       "      <td>-156.364505</td>\n",
       "      <td>-275.140145</td>\n",
       "      <td>-348.923188</td>\n",
       "      <td>-384.893932</td>\n",
       "      <td>8.184842</td>\n",
       "      <td>11.335874</td>\n",
       "      <td>13.579999</td>\n",
       "      <td>15.078807</td>\n",
       "    </tr>\n",
       "    <tr>\n",
       "      <th>8</th>\n",
       "      <td>-70.619905</td>\n",
       "      <td>-71.333894</td>\n",
       "      <td>-72.510419</td>\n",
       "      <td>-73.813239</td>\n",
       "      <td>-20.335151</td>\n",
       "      <td>-20.708035</td>\n",
       "      <td>-21.076728</td>\n",
       "      <td>-20.861482</td>\n",
       "      <td>28.601938</td>\n",
       "      <td>20.846514</td>\n",
       "      <td>16.709226</td>\n",
       "      <td>13.468931</td>\n",
       "      <td>5.262213</td>\n",
       "      <td>4.789547</td>\n",
       "      <td>4.188961</td>\n",
       "      <td>3.400437</td>\n",
       "      <td>-1.203066</td>\n",
       "      <td>-0.753379</td>\n",
       "      <td>-0.591959</td>\n",
       "      <td>-0.494478</td>\n",
       "    </tr>\n",
       "    <tr>\n",
       "      <th>9</th>\n",
       "      <td>-67.823036</td>\n",
       "      <td>-124.757402</td>\n",
       "      <td>-126.608813</td>\n",
       "      <td>-128.579526</td>\n",
       "      <td>-18.323501</td>\n",
       "      <td>-38.063472</td>\n",
       "      <td>-38.168918</td>\n",
       "      <td>-38.555236</td>\n",
       "      <td>20.846514</td>\n",
       "      <td>46.432646</td>\n",
       "      <td>34.870161</td>\n",
       "      <td>27.551290</td>\n",
       "      <td>4.452273</td>\n",
       "      <td>8.977799</td>\n",
       "      <td>7.711553</td>\n",
       "      <td>6.417733</td>\n",
       "      <td>-1.012195</td>\n",
       "      <td>-1.515864</td>\n",
       "      <td>-1.145840</td>\n",
       "      <td>-0.950344</td>\n",
       "    </tr>\n",
       "    <tr>\n",
       "      <th>10</th>\n",
       "      <td>-59.694163</td>\n",
       "      <td>-111.023818</td>\n",
       "      <td>-155.669200</td>\n",
       "      <td>-158.167765</td>\n",
       "      <td>-15.673234</td>\n",
       "      <td>-32.003019</td>\n",
       "      <td>-47.820121</td>\n",
       "      <td>-49.437338</td>\n",
       "      <td>16.709226</td>\n",
       "      <td>34.870161</td>\n",
       "      <td>51.953461</td>\n",
       "      <td>39.658074</td>\n",
       "      <td>3.806212</td>\n",
       "      <td>7.376337</td>\n",
       "      <td>9.949114</td>\n",
       "      <td>8.482300</td>\n",
       "      <td>-0.838082</td>\n",
       "      <td>-1.235917</td>\n",
       "      <td>-1.573699</td>\n",
       "      <td>-1.291818</td>\n",
       "    </tr>\n",
       "    <tr>\n",
       "      <th>11</th>\n",
       "      <td>-50.602046</td>\n",
       "      <td>-94.708421</td>\n",
       "      <td>-134.327810</td>\n",
       "      <td>-169.376819</td>\n",
       "      <td>-13.203474</td>\n",
       "      <td>-26.742189</td>\n",
       "      <td>-39.567808</td>\n",
       "      <td>-54.117276</td>\n",
       "      <td>13.468931</td>\n",
       "      <td>27.551290</td>\n",
       "      <td>39.658074</td>\n",
       "      <td>50.453451</td>\n",
       "      <td>3.147300</td>\n",
       "      <td>6.183852</td>\n",
       "      <td>8.269156</td>\n",
       "      <td>9.752972</td>\n",
       "      <td>-0.691570</td>\n",
       "      <td>-1.007352</td>\n",
       "      <td>-1.258535</td>\n",
       "      <td>-1.520540</td>\n",
       "    </tr>\n",
       "    <tr>\n",
       "      <th>12</th>\n",
       "      <td>-25.535203</td>\n",
       "      <td>-25.888975</td>\n",
       "      <td>-26.376552</td>\n",
       "      <td>-26.633451</td>\n",
       "      <td>-152.420044</td>\n",
       "      <td>-153.844025</td>\n",
       "      <td>-155.542888</td>\n",
       "      <td>-156.364505</td>\n",
       "      <td>5.262213</td>\n",
       "      <td>4.452273</td>\n",
       "      <td>3.806212</td>\n",
       "      <td>3.147300</td>\n",
       "      <td>66.067290</td>\n",
       "      <td>49.813075</td>\n",
       "      <td>41.048097</td>\n",
       "      <td>33.741008</td>\n",
       "      <td>-2.223988</td>\n",
       "      <td>-1.421017</td>\n",
       "      <td>-1.125181</td>\n",
       "      <td>-0.952758</td>\n",
       "    </tr>\n",
       "    <tr>\n",
       "      <th>13</th>\n",
       "      <td>-24.076134</td>\n",
       "      <td>-47.895234</td>\n",
       "      <td>-48.252589</td>\n",
       "      <td>-49.522632</td>\n",
       "      <td>-147.089182</td>\n",
       "      <td>-268.673390</td>\n",
       "      <td>-272.689186</td>\n",
       "      <td>-275.140145</td>\n",
       "      <td>4.789547</td>\n",
       "      <td>8.977799</td>\n",
       "      <td>7.376337</td>\n",
       "      <td>6.183852</td>\n",
       "      <td>49.813075</td>\n",
       "      <td>106.427875</td>\n",
       "      <td>83.675348</td>\n",
       "      <td>68.022627</td>\n",
       "      <td>-1.928330</td>\n",
       "      <td>-2.834670</td>\n",
       "      <td>-2.199079</td>\n",
       "      <td>-1.850234</td>\n",
       "    </tr>\n",
       "    <tr>\n",
       "      <th>14</th>\n",
       "      <td>-21.238589</td>\n",
       "      <td>-41.928906</td>\n",
       "      <td>-63.630111</td>\n",
       "      <td>-65.239863</td>\n",
       "      <td>-132.668120</td>\n",
       "      <td>-247.634347</td>\n",
       "      <td>-344.738197</td>\n",
       "      <td>-348.923188</td>\n",
       "      <td>4.188961</td>\n",
       "      <td>7.711553</td>\n",
       "      <td>9.949114</td>\n",
       "      <td>8.269156</td>\n",
       "      <td>41.048097</td>\n",
       "      <td>83.675348</td>\n",
       "      <td>122.678738</td>\n",
       "      <td>97.137191</td>\n",
       "      <td>-1.653134</td>\n",
       "      <td>-2.388881</td>\n",
       "      <td>-3.072009</td>\n",
       "      <td>-2.564412</td>\n",
       "    </tr>\n",
       "    <tr>\n",
       "      <th>15</th>\n",
       "      <td>-17.650411</td>\n",
       "      <td>-35.577514</td>\n",
       "      <td>-55.030473</td>\n",
       "      <td>-74.329490</td>\n",
       "      <td>-114.867171</td>\n",
       "      <td>-218.210833</td>\n",
       "      <td>-307.988979</td>\n",
       "      <td>-384.893932</td>\n",
       "      <td>3.400437</td>\n",
       "      <td>6.417733</td>\n",
       "      <td>8.482300</td>\n",
       "      <td>9.752972</td>\n",
       "      <td>33.741008</td>\n",
       "      <td>68.022627</td>\n",
       "      <td>97.137191</td>\n",
       "      <td>122.506495</td>\n",
       "      <td>-1.384515</td>\n",
       "      <td>-2.011217</td>\n",
       "      <td>-2.546727</td>\n",
       "      <td>-3.092713</td>\n",
       "    </tr>\n",
       "    <tr>\n",
       "      <th>16</th>\n",
       "      <td>4.965287</td>\n",
       "      <td>5.011165</td>\n",
       "      <td>5.073451</td>\n",
       "      <td>5.148959</td>\n",
       "      <td>7.933972</td>\n",
       "      <td>8.046685</td>\n",
       "      <td>8.137875</td>\n",
       "      <td>8.184842</td>\n",
       "      <td>-1.203066</td>\n",
       "      <td>-1.012195</td>\n",
       "      <td>-0.838082</td>\n",
       "      <td>-0.691570</td>\n",
       "      <td>-2.223988</td>\n",
       "      <td>-1.928330</td>\n",
       "      <td>-1.653134</td>\n",
       "      <td>-1.384515</td>\n",
       "      <td>0.240286</td>\n",
       "      <td>0.107914</td>\n",
       "      <td>0.080918</td>\n",
       "      <td>0.066650</td>\n",
       "    </tr>\n",
       "    <tr>\n",
       "      <th>17</th>\n",
       "      <td>3.531677</td>\n",
       "      <td>6.887161</td>\n",
       "      <td>6.976279</td>\n",
       "      <td>7.097711</td>\n",
       "      <td>5.683866</td>\n",
       "      <td>11.072087</td>\n",
       "      <td>11.195076</td>\n",
       "      <td>11.335874</td>\n",
       "      <td>-0.753379</td>\n",
       "      <td>-1.515864</td>\n",
       "      <td>-1.235917</td>\n",
       "      <td>-1.007352</td>\n",
       "      <td>-1.421017</td>\n",
       "      <td>-2.834670</td>\n",
       "      <td>-2.388881</td>\n",
       "      <td>-2.011217</td>\n",
       "      <td>0.107914</td>\n",
       "      <td>0.234733</td>\n",
       "      <td>0.130807</td>\n",
       "      <td>0.103050</td>\n",
       "    </tr>\n",
       "    <tr>\n",
       "      <th>18</th>\n",
       "      <td>2.822565</td>\n",
       "      <td>5.485157</td>\n",
       "      <td>8.096008</td>\n",
       "      <td>8.214648</td>\n",
       "      <td>4.668340</td>\n",
       "      <td>9.147131</td>\n",
       "      <td>13.392981</td>\n",
       "      <td>13.579999</td>\n",
       "      <td>-0.591959</td>\n",
       "      <td>-1.145840</td>\n",
       "      <td>-1.573699</td>\n",
       "      <td>-1.258535</td>\n",
       "      <td>-1.125181</td>\n",
       "      <td>-2.199079</td>\n",
       "      <td>-3.072009</td>\n",
       "      <td>-2.546727</td>\n",
       "      <td>0.080918</td>\n",
       "      <td>0.130807</td>\n",
       "      <td>0.227553</td>\n",
       "      <td>0.140833</td>\n",
       "    </tr>\n",
       "    <tr>\n",
       "      <th>19</th>\n",
       "      <td>2.347338</td>\n",
       "      <td>4.614308</td>\n",
       "      <td>6.847568</td>\n",
       "      <td>8.933695</td>\n",
       "      <td>4.002206</td>\n",
       "      <td>7.886831</td>\n",
       "      <td>11.590610</td>\n",
       "      <td>15.078807</td>\n",
       "      <td>-0.494478</td>\n",
       "      <td>-0.950344</td>\n",
       "      <td>-1.291818</td>\n",
       "      <td>-1.520540</td>\n",
       "      <td>-0.952758</td>\n",
       "      <td>-1.850234</td>\n",
       "      <td>-2.564412</td>\n",
       "      <td>-3.092713</td>\n",
       "      <td>0.066650</td>\n",
       "      <td>0.103050</td>\n",
       "      <td>0.140833</td>\n",
       "      <td>0.219743</td>\n",
       "    </tr>\n",
       "  </tbody>\n",
       "</table>\n",
       "</div>"
      ],
      "text/plain": [
       "            0            1            2            3           4   \\\n",
       "0   479.383836   484.400696   493.105547   501.268073  121.929022   \n",
       "1   484.400696  1001.631133  1019.929127  1037.383848  122.244489   \n",
       "2   493.105547  1019.929127  1585.593768  1611.143610  124.541430   \n",
       "3   501.268073  1037.383848  1611.143610  2233.923416  124.954657   \n",
       "4   121.929022   122.244489   124.541430   124.954657  851.298843   \n",
       "5   123.291619   250.767690   251.934228   255.833358  863.480933   \n",
       "6   127.610133   256.367971   397.436651   402.780990  876.423168   \n",
       "7   127.452569   257.047036   400.021269   543.505674  886.842938   \n",
       "8   -70.619905   -71.333894   -72.510419   -73.813239  -20.335151   \n",
       "9   -67.823036  -124.757402  -126.608813  -128.579526  -18.323501   \n",
       "10  -59.694163  -111.023818  -155.669200  -158.167765  -15.673234   \n",
       "11  -50.602046   -94.708421  -134.327810  -169.376819  -13.203474   \n",
       "12  -25.535203   -25.888975   -26.376552   -26.633451 -152.420044   \n",
       "13  -24.076134   -47.895234   -48.252589   -49.522632 -147.089182   \n",
       "14  -21.238589   -41.928906   -63.630111   -65.239863 -132.668120   \n",
       "15  -17.650411   -35.577514   -55.030473   -74.329490 -114.867171   \n",
       "16    4.965287     5.011165     5.073451     5.148959    7.933972   \n",
       "17    3.531677     6.887161     6.976279     7.097711    5.683866   \n",
       "18    2.822565     5.485157     8.096008     8.214648    4.668340   \n",
       "19    2.347338     4.614308     6.847568     8.933695    4.002206   \n",
       "\n",
       "             5            6            7          8           9           10  \\\n",
       "0    123.291619   127.610133   127.452569 -70.619905  -67.823036  -59.694163   \n",
       "1    250.767690   256.367971   257.047036 -71.333894 -124.757402 -111.023818   \n",
       "2    251.934228   397.436651   400.021269 -72.510419 -126.608813 -155.669200   \n",
       "3    255.833358   402.780990   543.505674 -73.813239 -128.579526 -158.167765   \n",
       "4    863.480933   876.423168   886.842938 -20.335151  -18.323501  -15.673234   \n",
       "5   1831.992876  1852.360446  1879.741503 -20.708035  -38.063472  -32.003019   \n",
       "6   1852.360446  2936.838261  2983.743651 -21.076728  -38.168918  -47.820121   \n",
       "7   1879.741503  2983.743651  4215.833373 -20.861482  -38.555236  -49.437338   \n",
       "8    -20.708035   -21.076728   -20.861482  28.601938   20.846514   16.709226   \n",
       "9    -38.063472   -38.168918   -38.555236  20.846514   46.432646   34.870161   \n",
       "10   -32.003019   -47.820121   -49.437338  16.709226   34.870161   51.953461   \n",
       "11   -26.742189   -39.567808   -54.117276  13.468931   27.551290   39.658074   \n",
       "12  -153.844025  -155.542888  -156.364505   5.262213    4.452273    3.806212   \n",
       "13  -268.673390  -272.689186  -275.140145   4.789547    8.977799    7.376337   \n",
       "14  -247.634347  -344.738197  -348.923188   4.188961    7.711553    9.949114   \n",
       "15  -218.210833  -307.988979  -384.893932   3.400437    6.417733    8.482300   \n",
       "16     8.046685     8.137875     8.184842  -1.203066   -1.012195   -0.838082   \n",
       "17    11.072087    11.195076    11.335874  -0.753379   -1.515864   -1.235917   \n",
       "18     9.147131    13.392981    13.579999  -0.591959   -1.145840   -1.573699   \n",
       "19     7.886831    11.590610    15.078807  -0.494478   -0.950344   -1.291818   \n",
       "\n",
       "            11          12          13          14          15        16  \\\n",
       "0   -50.602046  -25.535203  -24.076134  -21.238589  -17.650411  4.965287   \n",
       "1   -94.708421  -25.888975  -47.895234  -41.928906  -35.577514  5.011165   \n",
       "2  -134.327810  -26.376552  -48.252589  -63.630111  -55.030473  5.073451   \n",
       "3  -169.376819  -26.633451  -49.522632  -65.239863  -74.329490  5.148959   \n",
       "4   -13.203474 -152.420044 -147.089182 -132.668120 -114.867171  7.933972   \n",
       "5   -26.742189 -153.844025 -268.673390 -247.634347 -218.210833  8.046685   \n",
       "6   -39.567808 -155.542888 -272.689186 -344.738197 -307.988979  8.137875   \n",
       "7   -54.117276 -156.364505 -275.140145 -348.923188 -384.893932  8.184842   \n",
       "8    13.468931    5.262213    4.789547    4.188961    3.400437 -1.203066   \n",
       "9    27.551290    4.452273    8.977799    7.711553    6.417733 -1.012195   \n",
       "10   39.658074    3.806212    7.376337    9.949114    8.482300 -0.838082   \n",
       "11   50.453451    3.147300    6.183852    8.269156    9.752972 -0.691570   \n",
       "12    3.147300   66.067290   49.813075   41.048097   33.741008 -2.223988   \n",
       "13    6.183852   49.813075  106.427875   83.675348   68.022627 -1.928330   \n",
       "14    8.269156   41.048097   83.675348  122.678738   97.137191 -1.653134   \n",
       "15    9.752972   33.741008   68.022627   97.137191  122.506495 -1.384515   \n",
       "16   -0.691570   -2.223988   -1.928330   -1.653134   -1.384515  0.240286   \n",
