{
 "cells": [
  {
   "cell_type": "code",
   "execution_count": 1,
   "metadata": {},
   "outputs": [],
   "source": [
    "import numpy as np\n",
    "def BB(w0,wt,t,m):\n",
    "    h = 2**m\n",
    "    T = np.linspace(0,t, h+1)\n",
    "    W = np.zeros(h+1)\n",
    "    z = np.random.randn(h+1)\n",
    "    W[0] = w0\n",
    "    W[h] = wt\n",
    "    j_max = 1\n",
    "    \n",
    "    for k in range(1, m+1):\n",
    "        i_min = h//2\n",
    "        i = i_min\n",
    "        l = 0\n",
    "        r = h\n",
    "        for j in range(1, j_max+1):\n",
    "            a = ((T[r]-T[i])*W[l] + (T[i]-T[l])*W[r]) / (T[r]-T[l])\n",
    "            b = np.sqrt( (T[i]-T[l])*(T[r]-T[i])/(T[r]-T[l]) )\n",
    "            W[i] = a + b*z[i]\n",
    "            i+=h; l+=h; r+=h\n",
    "        j_max*=2\n",
    "        h = i_min\n",
    "    \n",
    "    return W"
   ]
  },
  {
   "cell_type": "code",
   "execution_count": 2,
   "metadata": {},
   "outputs": [],
   "source": [
    "import numpy as np\n",
    "def control_variable(r,q1,q2,sigma1,sigma2,rho,M,m):\n",
    "\n",
    "    S1_start = 100\n",
    "    S2_start = 100\n",
    "    principal = 100    \n",
    "    \n",
    "    T = 2\n",
    "    check_term = 0.5\n",
    "    check_max = int(T / check_term)\n",
    "    \n",
    "    case=6\n",
    "    S1 = np.zeros(check_max+1)\n",
    "    S2 = np.zeros(check_max+1)\n",
    "    Put1 = np.zeros(check_max)\n",
    "    Put2 = np.zeros(check_max)\n",
    "    digital = np.zeros(check_max)\n",
    "    X = np.zeros([M, check_max*5])\n",
    "    Y = np.zeros(M)\n",
    "    prob = np.zeros(case)\n",
    "    \n",
    "    for i in range(M):\n",
    "        \n",
    "        S1[0] = S1_start\n",
    "        S2[0] = S2_start\n",
    "        \n",
    "        x1 = np.random.randn(check_max)\n",
    "        x2 = np.random.randn(check_max)\n",
    "        W1 = np.zeros(check_max+1)\n",
    "        W2 = np.zeros(check_max+1)\n",
    "\n",
    "        check_barrier = False\n",
    "        \n",
    "        for j in range(1, check_max+1):\n",
    "\n",
    "            # Random walk\n",
    "            W1[j] = W1[j-1] + np.sqrt(check_term) * x1[j-1]\n",
    "            W2[j] = W2[j-1] + np.sqrt(check_term) * x2[j-1]\n",
    "            \n",
    "            e1 =  W1[j] - W1[j-1]\n",
    "            e2 = rho*e1 + (W2[j] - W2[j-1])*np.sqrt(1-rho**2)\n",
    "    \n",
    "            # Get S1, S2 price at early redemption time\n",
    "            S1[j] = S1[j-1]*np.exp( (r - q1 - (sigma1**2)/2)*check_term + sigma1*e1)\n",
    "            S2[j] = S2[j-1]*np.exp( (r - q2 - (sigma2**2)/2)*check_term + sigma2*e2)\n",
    "            \n",
    "            # Get Put1, Put2 price at early redemption time\n",
    "            Put1[j-1] = max(S1_start * (0.85 -0.05*(j-1)) - S1[j] ,0) * np.exp(-r * j * check_term)\n",
    "            Put2[j-1] = max(S2_start * (0.85 -0.05*(j-1)) - S2[j] ,0) * np.exp(-r * j * check_term)\n",
    "            \n",
    "            # Get digital option price at early redemption time\n",
    "            if (S1[j] >= S1_start * (0.85 - ((j-1) * 0.05))) and (S2[j] >= S2_start * (0.85 - ((j-1) * 0.05))):\n",
    "                digital[j-1] = 1 * np.exp(-r * j * check_term)\n",
    "            else:\n",
    "                digital[j-1] = 0\n",
    "            \n",
    "            X[i][j-1] = S1[j]\n",
    "            X[i][j+3] = S2[j]\n",
    "            X[i][j+7] = Put1[j-1]\n",
    "            X[i][j+11] = Put2[j-1]\n",
    "            X[i][j+15] = digital[j-1]\n",
    "            \n",
    "            \n",
    "        for j in range(1, check_max+1):\n",
    "            \n",
    "            # Check Barrier\n",
    "            if (S1[j] < S1_start * 0.6) or (S2[j] < S2_start * 0.6):\n",
    "                check_barrier = True\n",
    "            \n",
    "            # Check early repayment\n",
    "            if (S1[j] >= S1_start * (0.85 - ((j-1) * 0.05))) and (S2[j] >= S2_start * (0.85 - ((j-1) * 0.05))):\n",
    "                Y[i] = principal * (1+0.0625*j) * np.exp(-r * j * check_term)\n",
    "                prob[j-1]+=1\n",
    "                break\n",
    "            \n",
    "            # Check Maturity repayment\n",
    "            if j == check_max:\n",
    "                if (check_barrier == True) and ( (S1[j] < S1_start * 0.7) or (S2[j] < S2_start * 0.7) ):\n",
    "                    Y[i] = principal * min(S1[j]/S1_start, S2[j]/S2_start) * np.exp(-r * j * check_term)\n",
    "                    prob[j+1]+=1\n",
    "                    break\n",
    "                    \n",
    "                else:\n",
    "                    S1_BB = np.zeros(2**m+1)\n",
    "                    S2_BB = np.zeros(2**m+1)\n",
    "                    S1_BB[0] = S1_start\n",
    "                    S2_BB[0] = S2_start\n",
    "                    \n",
    "                    # Brownian Bridge\n",
    "                    for k in range(1, check_max+1):      \n",
    "                        W1_BB = BB(W1[k-1], W1[k], 0.5, m)\n",
    "                        W2_BB = BB(W2[k-1], W2[k], 0.5, m)\n",
    "                        \n",
    "                        for l in range(1, 2**m+1):\n",
    "                            e1 = W1_BB[l] - W1_BB[l-1]\n",
    "                            e2 = rho*e1 + (W2_BB[l] - W2_BB[l-1]) * np.sqrt(1-rho**2)\n",
    "                        \n",
    "                            S1_BB[l] = S1_BB[l-1] * np.exp( (r - q1 - sigma1**2/2)*(check_term/2**m) + sigma1 * e1 )\n",
    "                            S2_BB[l] = S2_BB[l-1] * np.exp( (r - q2 - sigma2**2/2)*(check_term/2**m) + sigma2 * e2 )\n",
    "                        \n",
    "                            if(S1_BB[l] < S1_start * 0.6) or (S2_BB[l] < S2_start * 0.6):\n",
    "                                check_barrier = True\n",
    "                                Y[i] = principal * min(S1[j]/S1_start, S2[j]/S2_start) * np.exp(-r * j * check_term)\n",
    "                                prob[j+1]+=1\n",
    "                                break\n",
    "                                \n",
    "                        if check_barrier:\n",
    "                            break          \n",
    "                        else:        \n",
    "                            S1_BB[0] = S1_BB[2**m]\n",
    "                            S2_BB[0] = S2_BB[2**m]\n",
    "                    \n",
    "                    if check_barrier == False:\n",
    "                        Y[i] = principal * np.exp(-r * j * check_term)\n",
    "                        prob[j]+=1\n",
    "                        break\n",
    "        \n",
    "    return Y,X\n",
    "\n",
    "r=0.03\n",
    "q1=0.0\n",
    "q2=0.0\n",
    "sigma1=0.3\n",
    "sigma2=0.4\n",
    "rho=0.2\n",
    "M=100000\n",
    "m=3\n",
    "Y,X=control_variable(r,q1,q2,sigma1,sigma2,rho,M,m)\n"
   ]
  },
  {
   "cell_type": "code",
   "execution_count": 3,
   "metadata": {},
   "outputs": [
    {
     "data": {
      "text/plain": [
       "array([[ 4.73754576e+02,  4.78318021e+02,  4.85207893e+02,\n",
       "         4.92451016e+02,  1.22050467e+02,  1.24682689e+02,\n",
       "         1.27392795e+02,  1.34540668e+02, -6.92576884e+01,\n",
       "        -6.65892292e+01, -5.85614409e+01, -4.95972173e+01,\n",
       "        -2.59771119e+01, -2.36220927e+01, -2.06337630e+01,\n",
       "        -1.80551259e+01,  4.93199219e+00,  3.48135461e+00,\n",
       "         2.79692080e+00,  2.33796656e+00],\n",
       "       [ 4.78318021e+02,  9.96430026e+02,  1.01287123e+03,\n",
       "         1.02675367e+03,  1.23951304e+02,  2.57226350e+02,\n",
       "         2.59703806e+02,  2.69138329e+02, -6.99399937e+01,\n",
       "        -1.23563871e+02, -1.10221163e+02, -9.42059584e+01,\n",
       "        -2.58274358e+01, -4.80546848e+01, -4.17571555e+01,\n",
       "        -3.64642339e+01,  5.01198889e+00,  6.81790672e+00,\n",
       "         5.49113619e+00,  4.64259080e+00],\n",
       "       [ 4.85207893e+02,  1.01287123e+03,  1.57276031e+03,\n",
       "         1.59658532e+03,  1.28924232e+02,  2.61111694e+02,\n",
       "         4.01530380e+02,  4.16366440e+02, -7.11449197e+01,\n",
       "        -1.25565374e+02, -1.54838266e+02, -1.34007620e+02,\n",
       "        -2.60305381e+01, -4.79090928e+01, -6.29743846e+01,\n",
       "        -5.54468892e+01,  5.11306993e+00,  6.92522711e+00,\n",
       "         8.05327040e+00,  6.86234849e+00],\n",
       "       [ 4.92451016e+02,  1.02675367e+03,  1.59658532e+03,\n",
       "         2.21458342e+03,  1.30656327e+02,  2.62840166e+02,\n",
       "         4.06233503e+02,  5.67117026e+02, -7.23437911e+01,\n",
       "        -1.27333985e+02, -1.57026063e+02, -1.68481376e+02,\n",
       "        -2.62034770e+01, -4.84263044e+01, -6.35101363e+01,\n",
       "        -7.36974825e+01,  5.20525489e+00,  7.00241377e+00,\n",
       "         8.14578739e+00,  8.90722307e+00],\n",
       "       [ 1.22050467e+02,  1.23951304e+02,  1.28924232e+02,\n",
       "         1.30656327e+02,  8.59885252e+02,  8.75389038e+02,\n",
       "         8.90715928e+02,  9.05706236e+02, -2.08584577e+01,\n",
       "        -1.89650200e+01, -1.70811090e+01, -1.42781614e+01,\n",
       "        -1.54253847e+02, -1.49559036e+02, -1.33909737e+02,\n",
       "        -1.17202007e+02,  8.04386190e+00,  5.74502361e+00,\n",
       "         4.73823769e+00,  4.13345233e+00],\n",
       "       [ 1.24682689e+02,  2.57226350e+02,  2.61111694e+02,\n",
       "         2.62840166e+02,  8.75389038e+02,  1.85439185e+03,\n",
       "         1.88116916e+03,  1.89867023e+03, -2.06526671e+01,\n",
       "        -3.89211891e+01, -3.40601567e+01, -2.85121582e+01,\n",
       "        -1.57392331e+02, -2.72280987e+02, -2.49472923e+02,\n",
       "        -2.21330168e+02,  8.14022511e+00,  1.12723238e+01,\n",
       "         9.34401229e+00,  8.13203104e+00],\n",
       "       [ 1.27392795e+02,  2.59703806e+02,  4.01530380e+02,\n",
       "         4.06233503e+02,  8.90715928e+02,  1.88116916e+03,\n",
       "         2.98138147e+03,  3.01577265e+03, -2.05807827e+01,\n",
       "        -3.88330986e+01, -5.07092953e+01, -4.23227181e+01,\n",
       "        -1.59650870e+02, -2.75777811e+02, -3.47084358e+02,\n",
       "        -3.11891643e+02,  8.22197620e+00,  1.14020133e+01,\n",
       "         1.36026799e+01,  1.18536730e+01],\n",
       "       [ 1.34540668e+02,  2.69138329e+02,  4.16366440e+02,\n",
       "         5.67117026e+02,  9.05706236e+02,  1.89867023e+03,\n",
       "         3.01577265e+03,  4.23810892e+03, -2.13014448e+01,\n",
       "        -3.93938405e+01, -5.14099754e+01, -5.61733079e+01,\n",
       "        -1.61064020e+02, -2.80074573e+02, -3.52535137e+02,\n",
       "        -3.89655903e+02,  8.38683996e+00,  1.15763178e+01,\n",
       "         1.37993630e+01,  1.53717310e+01],\n",
       "       [-6.92576884e+01, -6.99399937e+01, -7.11449197e+01,\n",
       "        -7.23437911e+01, -2.08584577e+01, -2.06526671e+01,\n",
       "        -2.05807827e+01, -2.13014448e+01,  2.79579390e+01,\n",
       "         2.01443304e+01,  1.61560140e+01,  1.30316541e+01,\n",
       "         5.28672097e+00,  4.58366945e+00,  3.84927405e+00,\n",
       "         3.32461950e+00, -1.18673545e+00, -7.37268339e-01,\n",
       "        -5.76412833e-01, -4.78373750e-01],\n",
       "       [-6.65892292e+01, -1.23563871e+02, -1.25565374e+02,\n",
       "        -1.27333985e+02, -1.89650200e+01, -3.89211891e+01,\n",
       "        -3.88330986e+01, -3.93938405e+01,  2.01443304e+01,\n",
       "         4.55424774e+01,  3.44217625e+01,  2.71433455e+01,\n",
       "         4.62734951e+00,  8.81090115e+00,  7.46599896e+00,\n",
       "         6.24059610e+00, -1.00148500e+00, -1.50900076e+00,\n",
       "        -1.13800050e+00, -9.42269718e-01],\n",
       "       [-5.85614409e+01, -1.10221163e+02, -1.54838266e+02,\n",
       "        -1.57026063e+02, -1.70811090e+01, -3.40601567e+01,\n",
       "        -5.07092953e+01, -5.14099754e+01,  1.61560140e+01,\n",
       "         3.44217625e+01,  5.18940682e+01,  3.96987644e+01,\n",
       "         4.04438231e+00,  7.43858088e+00,  9.95035636e+00,\n",
       "         8.50119684e+00, -8.35035758e-01, -1.22357227e+00,\n",
       "        -1.56892405e+00, -1.28802099e+00],\n",
       "       [-4.95972173e+01, -9.42059584e+01, -1.34007620e+02,\n",
       "        -1.68481376e+02, -1.42781614e+01, -2.85121582e+01,\n",
       "        -4.23227181e+01, -5.61733079e+01,  1.30316541e+01,\n",
       "         2.71433455e+01,  3.96987644e+01,  5.04275845e+01,\n",
       "         3.23859985e+00,  6.08499091e+00,  8.09914815e+00,\n",
       "         9.49425569e+00, -6.87448632e-01, -9.95686720e-01,\n",
       "        -1.25491655e+00, -1.51127850e+00],\n",
       "       [-2.59771119e+01, -2.58274358e+01, -2.60305381e+01,\n",
       "        -2.62034770e+01, -1.54253847e+02, -1.57392331e+02,\n",
       "        -1.59650870e+02, -1.61064020e+02,  5.28672097e+00,\n",
       "         4.62734951e+00,  4.04438231e+00,  3.23859985e+00,\n",
       "         6.69385504e+01,  5.10497913e+01,  4.18170326e+01,\n",
       "         3.47500934e+01, -2.25440661e+00, -1.44611624e+00,\n",
       "        -1.15549988e+00, -9.88096195e-01],\n",
       "       [-2.36220927e+01, -4.80546848e+01, -4.79090928e+01,\n",
       "        -4.84263044e+01, -1.49559036e+02, -2.72280987e+02,\n",
       "        -2.75777811e+02, -2.80074573e+02,  4.58366945e+00,\n",
       "         8.81090115e+00,  7.43858088e+00,  6.08499091e+00,\n",
       "         5.10497913e+01,  1.07416122e+02,  8.38247824e+01,\n",
       "         6.89317570e+01, -1.94169605e+00, -2.86149288e+00,\n",
       "        -2.22551119e+00, -1.88854814e+00],\n",
       "       [-2.06337630e+01, -4.17571555e+01, -6.29743846e+01,\n",
       "        -6.35101363e+01, -1.33909737e+02, -2.49472923e+02,\n",
       "        -3.47084358e+02, -3.52535137e+02,  3.84927405e+00,\n",
       "         7.46599896e+00,  9.95035636e+00,  8.09914815e+00,\n",
       "         4.18170326e+01,  8.38247824e+01,  1.23145480e+02,\n",
       "         9.81833862e+01, -1.64776903e+00, -2.40223890e+00,\n",
       "        -3.09683151e+00, -2.58878152e+00],\n",
       "       [-1.80551259e+01, -3.64642339e+01, -5.54468892e+01,\n",
       "        -7.36974825e+01, -1.17202007e+02, -2.21330168e+02,\n",
       "        -3.11891643e+02, -3.89655903e+02,  3.32461950e+00,\n",
       "         6.24059610e+00,  8.50119684e+00,  9.49425569e+00,\n",
       "         3.47500934e+01,  6.89317570e+01,  9.81833862e+01,\n",
       "         1.23746364e+02, -1.40507335e+00, -2.04505836e+00,\n",
       "        -2.58345532e+00, -3.11325215e+00],\n",
       "       [ 4.93199219e+00,  5.01198889e+00,  5.11306993e+00,\n",
       "         5.20525489e+00,  8.04386190e+00,  8.14022511e+00,\n",
       "         8.22197620e+00,  8.38683996e+00, -1.18673545e+00,\n",
       "        -1.00148500e+00, -8.35035758e-01, -6.87448632e-01,\n",
       "        -2.25440661e+00, -1.94169605e+00, -1.64776903e+00,\n",
       "        -1.40507335e+00,  2.40164325e-01,  1.07846585e-01,\n",
       "         8.18546416e-02,  6.79653149e-02],\n",
       "       [ 3.48135461e+00,  6.81790672e+00,  6.92522711e+00,\n",
       "         7.00241377e+00,  5.74502361e+00,  1.12723238e+01,\n",
       "         1.14020133e+01,  1.15763178e+01, -7.37268339e-01,\n",
       "        -1.50900076e+00, -1.22357227e+00, -9.95686720e-01,\n",
       "        -1.44611624e+00, -2.86149288e+00, -2.40223890e+00,\n",
       "        -2.04505836e+00,  1.07846585e-01,  2.34732307e-01,\n",
       "         1.31727302e-01,  1.04866305e-01],\n",
       "       [ 2.79692080e+00,  5.49113619e+00,  8.05327040e+00,\n",
       "         8.14578739e+00,  4.73823769e+00,  9.34401229e+00,\n",
       "         1.36026799e+01,  1.37993630e+01, -5.76412833e-01,\n",
       "        -1.13800050e+00, -1.56892405e+00, -1.25491655e+00,\n",
       "        -1.15549988e+00, -2.22551119e+00, -3.09683151e+00,\n",
       "        -2.58345532e+00,  8.18546416e-02,  1.31727302e-01,\n",
       "         2.27439105e-01,  1.41851967e-01],\n",
       "       [ 2.33796656e+00,  4.64259080e+00,  6.86234849e+00,\n",
       "         8.90722307e+00,  4.13345233e+00,  8.13203104e+00,\n",
       "         1.18536730e+01,  1.53717310e+01, -4.78373750e-01,\n",
       "        -9.42269718e-01, -1.28802099e+00, -1.51127850e+00,\n",
       "        -9.88096195e-01, -1.88854814e+00, -2.58878152e+00,\n",
       "        -3.11325215e+00,  6.79653149e-02,  1.04866305e-01,\n",
       "         1.41851967e-01,  2.19870243e-01]])"
      ]
     },
     "execution_count": 3,
     "metadata": {},
     "output_type": "execute_result"
    }
   ],
   "source": [
    "np.cov(X,rowvar=False)"
   ]
  },
  {
   "cell_type": "code",
   "execution_count": 4,
   "metadata": {},
   "outputs": [
    {
     "data": {
      "text/html": [
       "<div>\n",
       "<style scoped>\n",
       "    .dataframe tbody tr th:only-of-type {\n",
       "        vertical-align: middle;\n",
       "    }\n",
       "\n",
       "    .dataframe tbody tr th {\n",
       "        vertical-align: top;\n",
       "    }\n",
       "\n",
       "    .dataframe thead th {\n",
       "        text-align: right;\n",
       "    }\n",
       "</style>\n",
       "<table border=\"1\" class=\"dataframe\">\n",
       "  <thead>\n",
       "    <tr style=\"text-align: right;\">\n",
       "      <th></th>\n",
       "      <th>0</th>\n",
       "      <th>1</th>\n",
       "      <th>2</th>\n",
       "      <th>3</th>\n",
       "      <th>4</th>\n",
       "      <th>5</th>\n",
       "      <th>6</th>\n",
       "      <th>7</th>\n",
       "      <th>8</th>\n",
       "      <th>9</th>\n",
       "      <th>10</th>\n",
       "      <th>11</th>\n",
       "      <th>12</th>\n",
       "      <th>13</th>\n",
       "      <th>14</th>\n",
       "      <th>15</th>\n",
       "      <th>16</th>\n",
       "      <th>17</th>\n",
       "      <th>18</th>\n",
       "      <th>19</th>\n",
       "    </tr>\n",
       "  </thead>\n",
       "  <tbody>\n",
       "    <tr>\n",
       "      <th>0</th>\n",
       "      <td>473.754576</td>\n",
       "      <td>478.318021</td>\n",
       "      <td>485.207893</td>\n",
       "      <td>492.451016</td>\n",
       "      <td>122.050467</td>\n",
       "      <td>124.682689</td>\n",
       "      <td>127.392795</td>\n",
       "      <td>134.540668</td>\n",
       "      <td>-69.257688</td>\n",
       "      <td>-66.589229</td>\n",
       "      <td>-58.561441</td>\n",
       "      <td>-49.597217</td>\n",
       "      <td>-25.977112</td>\n",
       "      <td>-23.622093</td>\n",
       "      <td>-20.633763</td>\n",
       "      <td>-18.055126</td>\n",
       "      <td>4.931992</td>\n",
       "      <td>3.481355</td>\n",
       "      <td>2.796921</td>\n",
       "      <td>2.337967</td>\n",
       "    </tr>\n",
       "    <tr>\n",
       "      <th>1</th>\n",
       "      <td>478.318021</td>\n",
       "      <td>996.430026</td>\n",
       "      <td>1012.871225</td>\n",
       "      <td>1026.753671</td>\n",
       "      <td>123.951304</td>\n",
       "      <td>257.226350</td>\n",
       "      <td>259.703806</td>\n",
       "      <td>269.138329</td>\n",
       "      <td>-69.939994</td>\n",
       "      <td>-123.563871</td>\n",
       "      <td>-110.221163</td>\n",
       "      <td>-94.205958</td>\n",
       "      <td>-25.827436</td>\n",
       "      <td>-48.054685</td>\n",
       "      <td>-41.757155</td>\n",
       "      <td>-36.464234</td>\n",
       "      <td>5.011989</td>\n",
       "      <td>6.817907</td>\n",
       "      <td>5.491136</td>\n",
       "      <td>4.642591</td>\n",
       "    </tr>\n",
       "    <tr>\n",
       "      <th>2</th>\n",
       "      <td>485.207893</td>\n",
       "      <td>1012.871225</td>\n",
       "      <td>1572.760311</td>\n",
       "      <td>1596.585316</td>\n",
       "      <td>128.924232</td>\n",
       "      <td>261.111694</td>\n",
       "      <td>401.530380</td>\n",
       "      <td>416.366440</td>\n",
       "      <td>-71.144920</td>\n",
       "      <td>-125.565374</td>\n",
       "      <td>-154.838266</td>\n",
       "      <td>-134.007620</td>\n",
       "      <td>-26.030538</td>\n",
       "      <td>-47.909093</td>\n",
       "      <td>-62.974385</td>\n",
       "      <td>-55.446889</td>\n",
       "      <td>5.113070</td>\n",
       "      <td>6.925227</td>\n",
       "      <td>8.053270</td>\n",
       "      <td>6.862348</td>\n",
       "    </tr>\n",
       "    <tr>\n",
       "      <th>3</th>\n",
       "      <td>492.451016</td>\n",
       "      <td>1026.753671</td>\n",
       "      <td>1596.585316</td>\n",
       "      <td>2214.583417</td>\n",
       "      <td>130.656327</td>\n",
       "      <td>262.840166</td>\n",
       "      <td>406.233503</td>\n",
       "      <td>567.117026</td>\n",
       "      <td>-72.343791</td>\n",
       "      <td>-127.333985</td>\n",
       "      <td>-157.026063</td>\n",
       "      <td>-168.481376</td>\n",
       "      <td>-26.203477</td>\n",
       "      <td>-48.426304</td>\n",
       "      <td>-63.510136</td>\n",
       "      <td>-73.697482</td>\n",
       "      <td>5.205255</td>\n",
       "      <td>7.002414</td>\n",
       "      <td>8.145787</td>\n",
       "      <td>8.907223</td>\n",
       "    </tr>\n",
       "    <tr>\n",
       "      <th>4</th>\n",
       "      <td>122.050467</td>\n",
       "      <td>123.951304</td>\n",
       "      <td>128.924232</td>\n",
       "      <td>130.656327</td>\n",
       "      <td>859.885252</td>\n",
       "      <td>875.389038</td>\n",
       "      <td>890.715928</td>\n",
       "      <td>905.706236</td>\n",
       "      <td>-20.858458</td>\n",
       "      <td>-18.965020</td>\n",
       "      <td>-17.081109</td>\n",
       "      <td>-14.278161</td>\n",
       "      <td>-154.253847</td>\n",
       "      <td>-149.559036</td>\n",
       "      <td>-133.909737</td>\n",
       "      <td>-117.202007</td>\n",
       "      <td>8.043862</td>\n",
       "      <td>5.745024</td>\n",
       "      <td>4.738238</td>\n",
       "      <td>4.133452</td>\n",
       "    </tr>\n",
       "    <tr>\n",
       "      <th>5</th>\n",
       "      <td>124.682689</td>\n",
       "      <td>257.226350</td>\n",
       "      <td>261.111694</td>\n",
       "      <td>262.840166</td>\n",
       "      <td>875.389038</td>\n",
       "      <td>1854.391849</td>\n",
       "      <td>1881.169158</td>\n",
       "      <td>1898.670234</td>\n",
       "      <td>-20.652667</td>\n",
       "      <td>-38.921189</td>\n",
       "      <td>-34.060157</td>\n",
       "      <td>-28.512158</td>\n",
       "      <td>-157.392331</td>\n",
       "      <td>-272.280987</td>\n",
       "      <td>-249.472923</td>\n",
       "      <td>-221.330168</td>\n",
       "      <td>8.140225</td>\n",
       "      <td>11.272324</td>\n",
       "      <td>9.344012</td>\n",
       "      <td>8.132031</td>\n",
       "    </tr>\n",
       "    <tr>\n",
       "      <th>6</th>\n",
       "      <td>127.392795</td>\n",
       "      <td>259.703806</td>\n",
       "      <td>401.530380</td>\n",
       "      <td>406.233503</td>\n",
       "      <td>890.715928</td>\n",
       "      <td>1881.169158</td>\n",
       "      <td>2981.381465</td>\n",
       "      <td>3015.772648</td>\n",
       "      <td>-20.580783</td>\n",
       "      <td>-38.833099</td>\n",
       "      <td>-50.709295</td>\n",
       "      <td>-42.322718</td>\n",
       "      <td>-159.650870</td>\n",
       "      <td>-275.777811</td>\n",
       "      <td>-347.084358</td>\n",
       "      <td>-311.891643</td>\n",
       "      <td>8.221976</td>\n",
       "      <td>11.402013</td>\n",
       "      <td>13.602680</td>\n",
       "      <td>11.853673</td>\n",
       "    </tr>\n",
       "    <tr>\n",
       "      <th>7</th>\n",
       "      <td>134.540668</td>\n",
       "      <td>269.138329</td>\n",
       "      <td>416.366440</td>\n",
       "      <td>567.117026</td>\n",
       "      <td>905.706236</td>\n",
       "      <td>1898.670234</td>\n",
       "      <td>3015.772648</td>\n",
       "      <td>4238.108916</td>\n",
       "      <td>-21.301445</td>\n",
       "      <td>-39.393841</td>\n",
       "      <td>-51.409975</td>\n",
       "      <td>-56.173308</td>\n",
       "      <td>-161.064020</td>\n",
       "      <td>-280.074573</td>\n",
       "      <td>-352.535137</td>\n",
       "      <td>-389.655903</td>\n",
       "      <td>8.386840</td>\n",
       "      <td>11.576318</td>\n",
       "      <td>13.799363</td>\n",
       "      <td>15.371731</td>\n",
       "    </tr>\n",
       "    <tr>\n",
       "      <th>8</th>\n",
       "      <td>-69.257688</td>\n",
       "      <td>-69.939994</td>\n",
       "      <td>-71.144920</td>\n",
       "      <td>-72.343791</td>\n",
       "      <td>-20.858458</td>\n",
       "      <td>-20.652667</td>\n",
       "      <td>-20.580783</td>\n",
       "      <td>-21.301445</td>\n",
       "      <td>27.957939</td>\n",
       "      <td>20.144330</td>\n",
       "      <td>16.156014</td>\n",
       "      <td>13.031654</td>\n",
       "      <td>5.286721</td>\n",
       "      <td>4.583669</td>\n",
       "      <td>3.849274</td>\n",
       "      <td>3.324619</td>\n",
       "      <td>-1.186735</td>\n",
       "      <td>-0.737268</td>\n",
       "      <td>-0.576413</td>\n",
       "      <td>-0.478374</td>\n",
       "    </tr>\n",
       "    <tr>\n",
       "      <th>9</th>\n",
       "      <td>-66.589229</td>\n",
       "      <td>-123.563871</td>\n",
       "      <td>-125.565374</td>\n",
       "      <td>-127.333985</td>\n",
       "      <td>-18.965020</td>\n",
       "      <td>-38.921189</td>\n",
       "      <td>-38.833099</td>\n",
       "      <td>-39.393841</td>\n",
       "      <td>20.144330</td>\n",
       "      <td>45.542477</td>\n",
       "      <td>34.421763</td>\n",
       "      <td>27.143345</td>\n",
       "      <td>4.627350</td>\n",
       "      <td>8.810901</td>\n",
       "      <td>7.465999</td>\n",
       "      <td>6.240596</td>\n",
       "      <td>-1.001485</td>\n",
       "      <td>-1.509001</td>\n",
       "      <td>-1.138001</td>\n",
       "      <td>-0.942270</td>\n",
       "    </tr>\n",
       "    <tr>\n",
       "      <th>10</th>\n",
       "      <td>-58.561441</td>\n",
       "      <td>-110.221163</td>\n",
       "      <td>-154.838266</td>\n",
       "      <td>-157.026063</td>\n",
       "      <td>-17.081109</td>\n",
       "      <td>-34.060157</td>\n",
       "      <td>-50.709295</td>\n",
       "      <td>-51.409975</td>\n",
       "      <td>16.156014</td>\n",
       "      <td>34.421763</td>\n",
       "      <td>51.894068</td>\n",
       "      <td>39.698764</td>\n",
       "      <td>4.044382</td>\n",
       "      <td>7.438581</td>\n",
       "      <td>9.950356</td>\n",
       "      <td>8.501197</td>\n",
       "      <td>-0.835036</td>\n",
       "      <td>-1.223572</td>\n",
       "      <td>-1.568924</td>\n",
       "      <td>-1.288021</td>\n",
       "    </tr>\n",
       "    <tr>\n",
       "      <th>11</th>\n",
       "      <td>-49.597217</td>\n",
       "      <td>-94.205958</td>\n",
       "      <td>-134.007620</td>\n",
       "      <td>-168.481376</td>\n",
       "      <td>-14.278161</td>\n",
       "      <td>-28.512158</td>\n",
       "      <td>-42.322718</td>\n",
       "      <td>-56.173308</td>\n",
       "      <td>13.031654</td>\n",
       "      <td>27.143345</td>\n",
       "      <td>39.698764</td>\n",
       "      <td>50.427585</td>\n",
       "      <td>3.238600</td>\n",
       "      <td>6.084991</td>\n",
       "      <td>8.099148</td>\n",
       "      <td>9.494256</td>\n",
       "      <td>-0.687449</td>\n",
       "      <td>-0.995687</td>\n",
       "      <td>-1.254917</td>\n",
       "      <td>-1.511278</td>\n",
       "    </tr>\n",
       "    <tr>\n",
       "      <th>12</th>\n",
       "      <td>-25.977112</td>\n",
       "      <td>-25.827436</td>\n",
       "      <td>-26.030538</td>\n",
       "      <td>-26.203477</td>\n",
       "      <td>-154.253847</td>\n",
       "      <td>-157.392331</td>\n",
       "      <td>-159.650870</td>\n",
       "      <td>-161.064020</td>\n",
       "      <td>5.286721</td>\n",
       "      <td>4.627350</td>\n",
       "      <td>4.044382</td>\n",
       "      <td>3.238600</td>\n",
       "      <td>66.938550</td>\n",
       "      <td>51.049791</td>\n",
       "      <td>41.817033</td>\n",
       "      <td>34.750093</td>\n",
       "      <td>-2.254407</td>\n",
       "      <td>-1.446116</td>\n",
       "      <td>-1.155500</td>\n",
       "      <td>-0.988096</td>\n",
       "    </tr>\n",
       "    <tr>\n",
       "      <th>13</th>\n",
       "      <td>-23.622093</td>\n",
       "      <td>-48.054685</td>\n",
       "      <td>-47.909093</td>\n",
       "      <td>-48.426304</td>\n",
       "      <td>-149.559036</td>\n",
       "      <td>-272.280987</td>\n",
       "      <td>-275.777811</td>\n",
       "      <td>-280.074573</td>\n",
       "      <td>4.583669</td>\n",
       "      <td>8.810901</td>\n",
       "      <td>7.438581</td>\n",
       "      <td>6.084991</td>\n",
       "      <td>51.049791</td>\n",
       "      <td>107.416122</td>\n",
       "      <td>83.824782</td>\n",
       "      <td>68.931757</td>\n",
       "      <td>-1.941696</td>\n",
       "      <td>-2.861493</td>\n",
       "      <td>-2.225511</td>\n",
       "      <td>-1.888548</td>\n",
       "    </tr>\n",
       "    <tr>\n",
       "      <th>14</th>\n",
       "      <td>-20.633763</td>\n",
       "      <td>-41.757155</td>\n",
       "      <td>-62.974385</td>\n",
       "      <td>-63.510136</td>\n",
       "      <td>-133.909737</td>\n",
       "      <td>-249.472923</td>\n",
       "      <td>-347.084358</td>\n",
       "      <td>-352.535137</td>\n",
       "      <td>3.849274</td>\n",
       "      <td>7.465999</td>\n",
       "      <td>9.950356</td>\n",
       "      <td>8.099148</td>\n",
       "      <td>41.817033</td>\n",
       "      <td>83.824782</td>\n",
       "      <td>123.145480</td>\n",
       "      <td>98.183386</td>\n",
       "      <td>-1.647769</td>\n",
       "      <td>-2.402239</td>\n",
       "      <td>-3.096832</td>\n",
       "      <td>-2.588782</td>\n",
       "    </tr>\n",
       "    <tr>\n",
       "      <th>15</th>\n",
       "      <td>-18.055126</td>\n",
       "      <td>-36.464234</td>\n",
       "      <td>-55.446889</td>\n",
       "      <td>-73.697482</td>\n",
       "      <td>-117.202007</td>\n",
       "      <td>-221.330168</td>\n",
       "      <td>-311.891643</td>\n",
       "      <td>-389.655903</td>\n",
       "      <td>3.324619</td>\n",
       "      <td>6.240596</td>\n",
       "      <td>8.501197</td>\n",
       "      <td>9.494256</td>\n",
       "      <td>34.750093</td>\n",
       "      <td>68.931757</td>\n",
       "      <td>98.183386</td>\n",
       "      <td>123.746364</td>\n",
       "      <td>-1.405073</td>\n",
       "      <td>-2.045058</td>\n",
       "      <td>-2.583455</td>\n",
       "      <td>-3.113252</td>\n",
       "    </tr>\n",
       "    <tr>\n",
       "      <th>16</th>\n",
       "      <td>4.931992</td>\n",
       "      <td>5.011989</td>\n",
       "      <td>5.113070</td>\n",
       "      <td>5.205255</td>\n",
       "      <td>8.043862</td>\n",
       "      <td>8.140225</td>\n",
       "      <td>8.221976</td>\n",
       "      <td>8.386840</td>\n",
       "      <td>-1.186735</td>\n",
       "      <td>-1.001485</td>\n",
       "      <td>-0.835036</td>\n",
       "      <td>-0.687449</td>\n",
       "      <td>-2.254407</td>\n",
       "      <td>-1.941696</td>\n",
       "      <td>-1.647769</td>\n",
       "      <td>-1.405073</td>\n",
       "      <td>0.240164</td>\n",
       "      <td>0.107847</td>\n",
       "      <td>0.081855</td>\n",
       "      <td>0.067965</td>\n",
       "    </tr>\n",
       "    <tr>\n",
       "      <th>17</th>\n",
       "      <td>3.481355</td>\n",
       "      <td>6.817907</td>\n",
       "      <td>6.925227</td>\n",
       "      <td>7.002414</td>\n",
       "      <td>5.745024</td>\n",
       "      <td>11.272324</td>\n",
       "      <td>11.402013</td>\n",
       "      <td>11.576318</td>\n",
       "      <td>-0.737268</td>\n",
       "      <td>-1.509001</td>\n",
       "      <td>-1.223572</td>\n",
       "      <td>-0.995687</td>\n",
       "      <td>-1.446116</td>\n",
       "      <td>-2.861493</td>\n",
       "      <td>-2.402239</td>\n",
       "      <td>-2.045058</td>\n",
       "      <td>0.107847</td>\n",
       "      <td>0.234732</td>\n",
       "      <td>0.131727</td>\n",
       "      <td>0.104866</td>\n",
       "    </tr>\n",
       "    <tr>\n",
       "      <th>18</th>\n",
       "      <td>2.796921</td>\n",
       "      <td>5.491136</td>\n",
       "      <td>8.053270</td>\n",
       "      <td>8.145787</td>\n",
       "      <td>4.738238</td>\n",
       "      <td>9.344012</td>\n",
       "      <td>13.602680</td>\n",
       "      <td>13.799363</td>\n",
       "      <td>-0.576413</td>\n",
       "      <td>-1.138001</td>\n",
       "      <td>-1.568924</td>\n",
       "      <td>-1.254917</td>\n",
       "      <td>-1.155500</td>\n",
       "      <td>-2.225511</td>\n",
       "      <td>-3.096832</td>\n",
       "      <td>-2.583455</td>\n",
       "      <td>0.081855</td>\n",
       "      <td>0.131727</td>\n",
       "      <td>0.227439</td>\n",
       "      <td>0.141852</td>\n",
       "    </tr>\n",
       "    <tr>\n",
       "      <th>19</th>\n",
       "      <td>2.337967</td>\n",
       "      <td>4.642591</td>\n",
       "      <td>6.862348</td>\n",
       "      <td>8.907223</td>\n",
       "      <td>4.133452</td>\n",
       "      <td>8.132031</td>\n",
       "      <td>11.853673</td>\n",
       "      <td>15.371731</td>\n",
       "      <td>-0.478374</td>\n",
       "      <td>-0.942270</td>\n",
       "      <td>-1.288021</td>\n",
       "      <td>-1.511278</td>\n",
       "      <td>-0.988096</td>\n",
       "      <td>-1.888548</td>\n",
       "      <td>-2.588782</td>\n",
       "      <td>-3.113252</td>\n",
       "      <td>0.067965</td>\n",
       "      <td>0.104866</td>\n",
       "      <td>0.141852</td>\n",
       "      <td>0.219870</td>\n",
       "    </tr>\n",
       "  </tbody>\n",
       "</table>\n",
       "</div>"
      ],
      "text/plain": [
       "            0            1            2            3           4   \\\n",
       "0   473.754576   478.318021   485.207893   492.451016  122.050467   \n",
       "1   478.318021   996.430026  1012.871225  1026.753671  123.951304   \n",
       "2   485.207893  1012.871225  1572.760311  1596.585316  128.924232   \n",
       "3   492.451016  1026.753671  1596.585316  2214.583417  130.656327   \n",
       "4   122.050467   123.951304   128.924232   130.656327  859.885252   \n",
       "5   124.682689   257.226350   261.111694   262.840166  875.389038   \n",
       "6   127.392795   259.703806   401.530380   406.233503  890.715928   \n",
       "7   134.540668   269.138329   416.366440   567.117026  905.706236   \n",
       "8   -69.257688   -69.939994   -71.144920   -72.343791  -20.858458   \n",
       "9   -66.589229  -123.563871  -125.565374  -127.333985  -18.965020   \n",
       "10  -58.561441  -110.221163  -154.838266  -157.026063  -17.081109   \n",
       "11  -49.597217   -94.205958  -134.007620  -168.481376  -14.278161   \n",
       "12  -25.977112   -25.827436   -26.030538   -26.203477 -154.253847   \n",
       "13  -23.622093   -48.054685   -47.909093   -48.426304 -149.559036   \n",
       "14  -20.633763   -41.757155   -62.974385   -63.510136 -133.909737   \n",
       "15  -18.055126   -36.464234   -55.446889   -73.697482 -117.202007   \n",
       "16    4.931992     5.011989     5.113070     5.205255    8.043862   \n",
       "17    3.481355     6.817907     6.925227     7.002414    5.745024   \n",
       "18    2.796921     5.491136     8.053270     8.145787    4.738238   \n",
       "19    2.337967     4.642591     6.862348     8.907223    4.133452   \n",
       "\n",
       "             5            6            7          8           9           10  \\\n",
       "0    124.682689   127.392795   134.540668 -69.257688  -66.589229  -58.561441   \n",
       "1    257.226350   259.703806   269.138329 -69.939994 -123.563871 -110.221163   \n",
       "2    261.111694   401.530380   416.366440 -71.144920 -125.565374 -154.838266   \n",
       "3    262.840166   406.233503   567.117026 -72.343791 -127.333985 -157.026063   \n",
       "4    875.389038   890.715928   905.706236 -20.858458  -18.965020  -17.081109   \n",
       "5   1854.391849  1881.169158  1898.670234 -20.652667  -38.921189  -34.060157   \n",
       "6   1881.169158  2981.381465  3015.772648 -20.580783  -38.833099  -50.709295   \n",
       "7   1898.670234  3015.772648  4238.108916 -21.301445  -39.393841  -51.409975   \n",
       "8    -20.652667   -20.580783   -21.301445  27.957939   20.144330   16.156014   \n",
       "9    -38.921189   -38.833099   -39.393841  20.144330   45.542477   34.421763   \n",
       "10   -34.060157   -50.709295   -51.409975  16.156014   34.421763   51.894068   \n",
       "11   -28.512158   -42.322718   -56.173308  13.031654   27.143345   39.698764   \n",
       "12  -157.392331  -159.650870  -161.064020   5.286721    4.627350    4.044382   \n",
       "13  -272.280987  -275.777811  -280.074573   4.583669    8.810901    7.438581   \n",
       "14  -249.472923  -347.084358  -352.535137   3.849274    7.465999    9.950356   \n",
       "15  -221.330168  -311.891643  -389.655903   3.324619    6.240596    8.501197   \n",
       "16     8.140225     8.221976     8.386840  -1.186735   -1.001485   -0.835036   \n",
       "17    11.272324    11.402013    11.576318  -0.737268   -1.509001   -1.223572   \n",
       "18     9.344012    13.602680    13.799363  -0.576413   -1.138001   -1.568924   \n",
       "19     8.132031    11.853673    15.371731  -0.478374   -0.942270   -1.288021   \n",
       "\n",
       "            11          12          13          14          15        16  \\\n",
       "0   -49.597217  -25.977112  -23.622093  -20.633763  -18.055126  4.931992   \n",
       "1   -94.205958  -25.827436  -48.054685  -41.757155  -36.464234  5.011989   \n",
       "2  -134.007620  -26.030538  -47.909093  -62.974385  -55.446889  5.113070   \n",
       "3  -168.481376  -26.203477  -48.426304  -63.510136  -73.697482  5.205255   \n",
       "4   -14.278161 -154.253847 -149.559036 -133.909737 -117.202007  8.043862   \n",
       "5   -28.512158 -157.392331 -272.280987 -249.472923 -221.330168  8.140225   \n",
       "6   -42.322718 -159.650870 -275.777811 -347.084358 -311.891643  8.221976   \n",
       "7   -56.173308 -161.064020 -280.074573 -352.535137 -389.655903  8.386840   \n",
       "8    13.031654    5.286721    4.583669    3.849274    3.324619 -1.186735   \n",
       "9    27.143345    4.627350    8.810901    7.465999    6.240596 -1.001485   \n",
       "10   39.698764    4.044382    7.438581    9.950356    8.501197 -0.835036   \n",
       "11   50.427585    3.238600    6.084991    8.099148    9.494256 -0.687449   \n",
       "12    3.238600   66.938550   51.049791   41.817033   34.750093 -2.254407   \n",
       "13    6.084991   51.049791  107.416122   83.824782   68.931757 -1.941696   \n",
       "14    8.099148   41.817033   83.824782  123.145480   98.183386 -1.647769   \n",
       "15    9.494256   34.750093   68.931757   98.183386  123.746364 -1.405073   \n",
       "16   -0.687449   -2.254407   -1.941696   -1.647769   -1.405073  0.240164   \n",
